#
0
#
33
0
0
0
0
0
0
0
#
34
0
0
0
0
0
0
0
12
#
35
0
0
0
12
0
0
0
#
36
0
0
0
12
0
0
0
12
#
37
0
0
0
12
12
0
0
#
38
0
0
0
12
12
0
0
#
2
0
0
0
12
12
0
0
1
1
39
0
0
#
3
0
0
0
12
12
0
0
1
1
39
0
0
12
#
4
0
0
0
12
12
0
0
1
1
39
12
0
#
5
0
0
0
12
12
0
0
1
1
39
12
0
12
#
6
0
0
0
12
12
0
0
1
1
39
12
12
#
7
0
0
0
12
12
0
0
1
1
39
12
12
12
#
8
0
0
0
12
12
0
0
1
1
39
12
12
12
12
#
9
0
0
0
12
12
0
0
1
1
39
12
12
0
#
10
0
0
0
12
12
0
0
1
1
39
12
12
#
30
0
0
0
12
12
0
0
1
1
39
12
12
12
#
31
0
0
0
12
12
12
0
1
1
39
12
12
#
32
0
0
0
12
12
12
0
#
39
0
0
0
12
12
12
0
12
#
40
0
0
0
12
12
12
0
12
12
#
41
0
0
0
12
12
12
0
144
#
42
0
0
0
12
12
12
0
144
12
#
43
0
0
0
12
12
12
0
12
#
44
0
0
0
12
12
12
12
#
45
0
0
0
12
12
12
12
12
#
46
0
0
0
12
12
12
12
12
#
47
0
0
0
12
12
12
12
12
#
48
